1001  4  3
1002  3  2
1003  6  2
1004  7  5
1005  9  2
1006  7  1
1007  2  1
1008  8  3
1009  7  3
1010  0  2
1011  5  5
1012  0  3
1013  8  3
1014  2  2
1015  2  2
1016  9  2
1017  5  2
1018  8  2
1019  9  1
1020  4  1
1021  8  5
1022  0  1
1023  5  2
1024  1  1
1025  2  1
1026  7  2
1027  6  3
1028  6  3
1029  7  1
1030  1  5
1031  7  4
1032  7  2
1033  7  3
1034  7  2
1035  2  5
1036  1  5
1037  4  1
1038  7  3
1039  6  4
1040  4  3
1041  7  6
1042  6  1
1043  0  1
1044  5  3
1045  8  2
1046  4  2
1047  3  3
1048  1  1
1049  9  4
1050  2  5
1051  3  3
1052  9  3
1053  9  1
1054  7  5
1055  2  1
1056  5  1
1057  2  1
1058  9  1
1059  0  1
1060  5  3
1061  7  2
1062  9  4
1063  6  2
1064  6  5
1065  3  1
1066  1  1
1067  1  3
1068  0  1
1069  2  2
1070  2  2
1071  9  2
1072  5  1
1073  4  2
1074  6  4
1075  6  1
1076  5  2
1077  9  2
1078  4  3
1079  2  3
1080  8  4
1081  9  2
1082  7  2
1083  2  3
1084  5  1
1085  2  1
1086  5  1
1087  5  3
1088  0  2
1089  0  3
1090  2  5
1091  5  4
1092  1  4
1093  9  4
1094  3  1
1095  3  2
1096  5  4
1097  4  5
1098  4  1
1099  0  2
1100  6  3
1101  1  1
1102  7  1
1103  6  2
1104  4  3
1105  6  4
1106  1  2
1107  3  4
1108  8  1
1109  2  4
1110  3  2
1111  4  4
1112  4  4
1113  3  1
1114  7  1
1115  4  3
1116  6  4
1117  5  1
1118  5  1
1119  1  1
1120  2  5
1121  0  3
1122  3  1
1123  7  2
1124  2  2
1125  0  1
1126  5  2
1127  1  3
1128  0  2
1129  4  1
1130  6  2
1131  6  2
1132  0  1
1133  7  1
1134  3  1
1135  2  2
1136  1  4
1137  1  5
1138  5  1
1139  5  1
1140  2  1
1141  4  4
1142  9  3
1143  4  2
1144  7  2
1145  9  3
1146  5  5
1147  9  2
1148  2  3
1149  4  2
1150  9  2
1151  1  3
1152  1  1
1153  8  4
1154  7  3
1155  0  3
1156  1  1
1157  9  2
1158  8  1
1159  1  3
1160  9  5
1161  2  1
1162  4  2
1163  3  5
1164  7  3
1165  5  2
1166  3  5
1167  1  5
1168  4  6
1169  3  6
1170  9  3
1171  2  2
1172  6  3
1173  5  2
1174  8  2
1175  0  1
1176  2  5
1177  1  2
1178  5  2
1179  2  1
1180  2  3
1181  4  2
1182  8  1
1183  5  1
1184  3  1
1185  3  1
1186  5  1
1187  7  1
1188  9  3
1189  1  2
1190  9  1
1191  0  2
1192  4  2
1193  3  4
1194  8  2
1195  6  3
1196  2  1
1197  7  1
1198  0  4
1199  5  2
1200  6  2
1201  3  3
1202  8  6
1203  6  4
1204  6  4
1205  2  1
1206  9  2
1207  3  3
1208  4  1
1209  7  1
1210  5  1
1211  8  5
1212  5  2
1213  2  1
1214  0  2
1215  8  1
1216  2  4
1217  0  1
1218  4  3
1219  8  3
1220  6  2
1221  2  2
1222  8  3
1223  6  1
1224  8  4
1225  2  1
1226  3  2
1227  6  3
1228  1  3
1229  3  1
1230  3  2
1231  6  2
1232  3  1
1233  1  3
1234  9  4
1235  1  2
1236  9  4
1237  9  4
1238  2  4
1239  7  1
1240  0  6
1241  7  3
1242  8  1
1243  1  1
1244  7  3
1245  8  4
1246  2  1
1247  1  6
1248  2  1
1249  6  2
1250  9  2
1251  4  4
1252  7  5
1253  3  1
1254  0  2
1255  5  3
1256  2  3
1257  4  3
1258  1  5
1259  9  1
1260  9  4
1261  4  4
1262  6  1
1263  3  2
1264  3  3
1265  8  1
1266  4  1
1267  3  1
1268  6  4
1269  5  5
1270  9  3
1271  3  1
1272  6  1
1273  6  3
1274  5  1
1275  7  2
1276  7  5
1277  8  3
1278  2  3
1279  6  2
1280  4  2
1281  3  2
1282  4  4
1283  3  1
1284  7  2
1285  8  2
1286  6  4
1287  9  1
1288  3  5
1289  5  4
1290  8  1
1291  8  3
1292  7  6
1293  6  3
1294  7  5
1295  4  2
1296  1  4
1297  5  1
1298  0  2
1299  5  1
1300  3  1
1301  2  1
1302  8  1
1303  2  2
1304  9  3
1305  9  2
1306  3  3
1307  4  3
1308  9  2
1309  3  2
1310  8  2
1311  7  6
1312  9  2
1313  1  1
1314  5  1
1315  1  4
1316  9  1
1317  0  1
1318  2  2
1319  2  1
1320  7  1
1321  0  3
1322  2  4
1323  3  1
1324  6  1
1325  9  2
1326  6  1
1327  5  1
1328  3  3
1329  1  6
1330  0  3
1331  3  3
1332  4  4
1333  7  3
1334  5  1
1335  5  1
1336  7  1
1337  2  2
1338  6  5
1339  1  2
1340  2  2
1341  3  2
1342  2  3
1343  1  1
1344  5  5
1345  1  3
1346  3  2
1347  6  4
1348  3  2
1349  9  1
1350  5  3
1351  8  3
1352  7  4
1353  7  1
1354  3  4
1355  0  3
1356  0  5
1357  8  1
1358  7  3
1359  0  2
1360  4  6
1361  7  3
1362  9  5
1363  3  1
1364  0  5
1365  0  5
1366  5  1
1367  3  1
1368  2  3
1369  5  3
1370  3  6
1371  8  2
1372  0  2
1373  5  1
1374  5  1
1375  8  1
1376  3  1
1377  8  6
1378  7  1
1379  1  5
1380  2  1
1381  2  3
1382  3  4
1383  1  4
1384  5  3
1385  5  3
1386  5  1
1387  8  1
1388  0  2
1389  2  1
1390  0  4
1391  8  1
1392  1  1
1393  6  1
1394  5  4
1395  9  4
1396  7  1
1397  0  2
1398  0  1
1399  9  1
1400  2  3
1401  0  4
1402  8  3
1403  1  1
1404  3  1
1405  2  3
1406  7  3
1407  2  5
1408  6  3
1409  6  5
1410  3  2
1411  3  2
1412  7  3
1413  2  3
1414  1  1
1415  5  4
1416  7  4
1417  3  4
1418  6  1
1419  9  2
1420  9  1
1421  5  5
1422  3  2
1423  3  4
1424  1  1
1425  4  1
1426  4  3
1427  6  2
1428  0  1
1429  2  3
1430  5  3
1431  4  3
1432  4  3
1433  5  4
1434  9  4
1435  3  2
1436  3  2
1437  2  3
1438  7  5
1439  6  4
1440  4  2
1441  6  2
1442  4  5
1443  2  2
1444  6  3
1445  7  1
1446  5  6
1447  4  3
1448  3  3
1449  7  3
1450  2  2
1451  3  2
1452  5  1
1453  9  1
1454  1  2
1455  5  5
1456  3  4
1457  0  1
1458  7  2
1459  7  2
1460  7  2
1461  8  1
1462  9  1
1463  7  1
1464  0  1
1465  0  2
1466  7  2
1467  6  4
1468  3  4
1469  5  3
1470  8  1
1471  5  1
1472  1  3
1473  6  2
1474  3  1
1475  6  4
1476  2  1
1477  4  2
1478  1  1
1479  7  2
1480  0  3
1481  9  2
1482  8  1
1483  1  3
1484  3  4
1485  5  2
1486  8  4
1487  3  4
1488  1  1
1489  4  4
1490  7  3
1491  6  3
1492  4  1
1493  1  1
1494  7  2
1495  1  1
1496  5  4
1497  9  2
1498  9  2
1499  0  2
1500  6  4
1501  7  1
1502  1  2
1503  9  3
1504  2  1
1505  6  4
1506  5  3
1507  3  4
1508  9  2
1509  0  2
1510  3  2
1511  4  3
1512  5  3
1513  1  2
1514  3  1
1515  6  1
1516  7  1
1517  2  2
1518  4  1
1519  2  3
1520  6  4
1521  1  3
1522  9  4
1523  0  3
1524  7  1
1525  2  4
1526  8  1
1527  9  2
1528  3  5
1529  7  1
1530  0  2
1531  5  1
1532  8  6
1533  4  2
1534  7  4
1535  8  2
1536  4  3
1537  9  4
1538  1  1
1539  9  2
1540  6  3
1541  8  3
1542  2  3
1543  5  4
1544  4  4
1545  9  2
1546  9  1
1547  5  1
1548  5  5
1549  9  3
1550  5  1
1551  0  5
1552  4  1
1554  8  1
1555  1  5
1556  6  1
1557  7  3
1558  4  2
1559  1  1
1560  0  2
1561  9  1
1562  9  1
1563  6  5
1564  6  2
1565  6  1
1566  9  2
1567  8  3
1569  9  4
1570  2  3
1571  0  2
1572  2  1
1573  9  1
1574  9  2
1575  9  4
1576  9  1
1577  9  2
1578  2  1
1579  8  1
1580  8  1
1581  6  1
1582  8  3
1583  4  2
1584  0  1
1585  4  3
1586  8  4
1587  0  4
1588  9  2
1589  1  3
1590  4  3
1591  2  2
1592  0  2
1593  4  2
1594  4  1
1595  1  4
1596  4  6
1597  2  2
1598  2  3
1599  7  1
1600  4  2
1601  0  3
1603  0  4
1604  9  1
1605  8  2
1606  1  2
1607  1  3
1608  8  6
1609  4  1
1610  8  2
1611  1  4
1612  9  1
1613  8  1
1614  0  1
1615  4  1
1616  0  1
1617  1  1
1618  0  1
1619  1  5
1620  1  1
1621  0  2
1622  1  1
1623  8  1
1624  8  3
1625  8  1
1626  1  1
1627  8  4
1628  8  3
1629  1  1
1630  8  2
1632  8  5
1633  0  2
1634  8  2
1635  8  2
1636  0  1
1637  8  2
1638  8  1
1639  0  3
1641  0  2
1642  0  2
1643  0  4
1644  0  2
1645  0  4
1646  0  1
1647  0  2
1648  0  1
1649  0  1
1650  0  1
